Homes:
  main:
    X: 352.5983460417075
    Y: 48.0
    Z: 262.63763650170966
    Yaw: -81.24103
    Pitch: 17.199259
    World: world
