Homes:
  main:
    X: 1406.0156915552038
    Y: 192.0
    Z: -394.7918096984125
    Yaw: 32.046978
    Pitch: 40.864212
    World: world
