Homes:
  main:
    X: 1429.2818179178864
    Y: 75.0
    Z: -384.74423809211686
    Yaw: -101.009865
    Pitch: 39.83928
    World: world
