Homes:
  main:
    X: 1430.6905358190293
    Y: 75.5625
    Z: -384.71037202888715
    Yaw: -107.323425
    Pitch: 80.49451
    World: world
