Homes:
  main:
    X: 262.3263652874375
    Y: 61.0
    Z: 42.796230873316254
    Yaw: 38.602478
    Pitch: 15.365639
    World: world_nether
