Homes:
  main:
    X: 1424.9876303162844
    Y: 192.0
    Z: -408.2608551542153
    Yaw: -18.692017
    Pitch: 55.18178
    World: world
