Homes:
  main:
    X: 1336.0064313947585
    Y: 130.0
    Z: -150.68916135230015
    Yaw: -166.24231
    Pitch: 29.61982
    World: world
