Homes:
  main:
    X: 1431.41651343499
    Y: 64.0
    Z: -337.15057683553783
    Yaw: -88.01315
    Pitch: 39.629635
    World: world
